Accuracy: 0.9941

              precision    recall  f1-score   support

           A       0.99      1.00      1.00       437
           B       1.00      1.00      1.00       441
           C       1.00      1.00      1.00       398
           D       1.00      0.99      0.99       493
           E       0.99      1.00      1.00       462
           F       1.00      1.00      1.00       575
           G       1.00      1.00      1.00       488
           H       1.00      1.00      1.00       479
           I       1.00      1.00      1.00       477
           J       1.00      1.00      1.00       516
           K       1.00      0.99      0.99       540
           L       1.00      1.00      1.00       505
           M       0.97      0.99      0.98       313
           N       0.96      0.96      0.96       255
           O       0.99      1.00      1.00       453
           P       1.00      1.00      1.00       408
           Q       1.00      1.00      1.00       419
           R       0.99      0.99      0.99       508
           S       0.99      0.99      0.99       510
           T       1.00      0.99      1.00       470
           U       0.99      0.99      0.99       503
           V       0.99      1.00      1.00       510
           W       0.99      0.99      0.99       491
           X       1.00      0.99      0.99       432
           Y       1.00      1.00      1.00       517
           Z       1.00      1.00      1.00       470
         del       0.98      0.99      0.99       340
       space       0.98      0.99      0.98       325

    accuracy                           0.99     12735
   macro avg       0.99      0.99      0.99     12735
weighted avg       0.99      0.99      0.99     12735
